no.terms
1471
1424
1381
1386
1389
1427
1436
1365
1316
1335
1370
1440
1436
1341
1365
1454
1456
1405
1515
1466
1426
1417
1946
2379
2251
1464
1248
1225
1387
2004
1564
2188
2773
2829
1935
1615
1937
1965
1725
1387
1984
1818
1754
1895
1625
634
1650
1705
1230
1522
698
383
285
225
303
186
297
277
238
278
145
223
318
235
262
243
218
164
104
240
336
344
518
201
171
55
102
201
575
750
154
372
460
455
346
289
400
393
1017
778
714
746
418
419
625
467
288
461
122
386
808
760
749
790
749
753
781
722
723
681
696
785
772
707
736
760
754
693
819
741
785
764
971
1270
1216
732
700
672
675
1014
753
1129
1518
1524
952
780
969
1034
868
702
968
875
913
912
826
353
960
958
686
889
437
206
163
135
169
89
187
152
144
138
93
134
195
142
176
162
185
110
86
169
192
195
555
128
99
97
57
129
347
405
169
401
520
511
355
109
439
476
638
493
606
659
208
321
651
301
265
336
122
332
1289
1288
1239
1241
1245
1259
1276
1233
1214
1229
1238
1272
1267
1224
1248
1295
1296
1256
1343
1308
1287
1269
1759
2028
1938
1315
1137
1121
1295
1793
1429
1987
2414
2439
1817
1544
1805
1848
1604
1379
1799
1745
1660
1779
1549
605
1443
1459
1072
1293
652
391
281
113
175
203
291
255
130
180
71
213
304
111
92
236
55
57
42
100
334
336
502
196
171
58
94
183
530
349
144
346
432
433
327
284
392
390
564
741
724
738
400
420
614
453
268
411
107
358
793
746
747
746
720
731
748
709
708
684
695
754
748
701
706
745
752
703
794
744
754
747
989
1205
1170
747
704
694
700
1063
805
1178
1473
1477
1016
826
1008
1060
916
730
987
953
918
978
868
367
908
915
675
846
432
233
179
133
175
105
189
151
80
162
51
136
201
87
72
154
54
49
86
176
205
207
372
132
96
117
57
125
361
441
199
242
508
512
223
116
472
500
672
485
465
522
211
241
668
318
249
323
107
318
1401
1350
1308
1314
1319
1357
1361
1291
1245
1262
1296
1367
1363
1271
1291
1381
1386
1336
1445
1395
1353
1344
1827
2255
2130
1361
1139
1116
1276
1885
1453
2068
2648
2701
1814
1502
1821
1839
1603
1270
1867
1702
1634
1783
1509
568
1566
1620
1147
1437
675
376
277
222
299
188
288
279
237
278
144
217
314
231
251
241
205
161
97
228
331
331
458
190
161
53
102
201
518
718
147
352
454
446
340
276
376
380
896
682
648
652
413
399
535
414
273
444
116
356
745
696
685
725
685
689
714
659
658
618
634
719
709
643
670
696
695
630
754
678
720
697
855
1150
1098
637
604
578
582
901
655
1016
1397
1408
846
672
851
921
761
604
857
764
806
804
714
296
882
879
610
812
415
199
157
134
164
89
176
153
141
138
91
129
191
139
164
158
172
107
80
155
185
183
467
114
89
91
59
127
287
368
155
355
485
491
328
96
381
423
525
405
521
553
201
287
541
251
251
320
116
301
1221
1217
1171
1174
1179
1194
1207
1161
1146
1160
1167
1202
1197
1156
1177
1225
1228
1191
1275
1241
1219
1199
1655
1919
1831
1221
1040
1024
1196
1687
1331
1881
2301
2327
1707
1438
1701
1737
1499
1274
1693
1642
1549
1678
1443
542
1365
1381
995
1214
623
385
276
115
172
200
281
252
130
178
70
206
295
113
89
232
55
56
39
96
329
330
450
184
164
58
94
184
477
338
144
327
429
420
322
269
372
374
481
650
653
656
399
409
531
398
262
399
103
329
730
685
684
683
658
669
684
646
646
621
637
691
687
639
642
684
691
642
731
681
693
682
885
1099
1064
662
617
608
616
961
719
1076
1367
1373
922
729
903
957
821
643
886
854
821
882
766
313
833
841
602
773
406
225
176
131
169
103
177
147
80
161
49
130
195
89
70
149
54
48
87
168
198
201
319
119
90
110
57
125
305
404
187
222
476
489
217
101
416
452
571
401
398
435
208
228
565
268
243
311
103
289
1282
1223
1182
1199
1203
1238
1245
1172
1129
1144
1175
1247
1239
1149
1176
1257
1258
1217
1319
1267
1230
1222
1578
1983
1859
1142
938
913
1085
1646
1226
1811
2375
2434
1568
1285
1585
1599
1383
1068
1620
1464
1407
1536
1283
500
1399
1448
997
1271
657
375
272
223
290
188
286
270
234
270
144
216
315
230
240
238
203
162
96
231
325
327
387
187
159
51
99
190
434
666
146
337
440
433
342
273
347
366
743
561
598
552
409
386
429
366
263
424
110
336
658
607
603
641
603
603
629
580
580
540
556
632
621
564
588
614
613
555
667
596
630
610
662
926
875
473
443
432
433
712
491
809
1172
1182
661
509
662
727
593
455
656
575
640
618
544
259
769
758
515
691
393
198
153
132
159
89
176
146
137
133
91
127
189
138
155
155
168
109
79
157
180
181
364
112
87
86
56
123
216
317
134
316
456
457
304
91
325
362
392
305
405
411
202
252
399
221
242
302
110
280
1125
1114
1076
1084
1084
1096
1113
1070
1054
1066
1074
1103
1104
1061
1084
1130
1128
1099
1175
1139
1115
1105
1483
1755
1665
1061
884
867
1053
1526
1163
1721
2133
2157
1537
1279
1540
1571
1335
1111
1533
1478
1384
1518
1279
473
1233
1248
883
1087
605
381
269
114
170
202
279
248
131
176
72
205
291
112
89
228
55
56
40
96
320
324
398
183
166
57
95
177
405
330
143
314
411
417
320
263
338
361
403
551
600
574
386
395
443
349
248
383
95
311
656
603
609
611
585
591
611
576
576
552
566
620
609
569
569
610
617
568
659
605
615
612
741
939
903
522
485
479
489
812
581
923
1198
1206
763
581
761
805
681
511
746
701
676
733
622
272
741
744
516
676
389
223
168
133
169
104
175
143
80
155
50
128
190
88
71
143
53
49
86
167
193
195
267
117
90
99
57
119
236
364
170
209
457
458
209
93
369
404
448
307
350
349
197
213
440
232
230
294
95
270
1471
1424
1381
1386
1389
1427
1436
1365
1316
1335
1370
1440
1436
1341
1365
1454
1456
1405
1515
1466
1426
1417
1946
2379
2251
1464
1248
1225
1387
2004
1564
2188
2773
2829
1935
1615
1937
1965
1725
1387
1984
1818
1754
1895
1625
634
1650
1705
1230
1522
641
355
259
205
267
172
262
249
221
258
132
190
303
220
243
230
182
145
88
206
312
318
437
167
146
29
86
166
532
677
132
296
364
385
295
255
362
381
920
712
598
644
380
355
566
431
242
379
80
304
808
760
749
790
749
753
781
722
723
681
696
785
772
707
736
760
754
693
819
741
785
764
971
1270
1216
732
700
672
675
1014
753
1129
1518
1524
952
780
969
1034
868
702
968
875
913
912
826
353
960
958
686
889
392
192
147
120
151
81
168
131
134
130
83
115
186
134
164
153
153
98
74
147
176
180
483
106
82
78
51
109
332
357
129
338
433
431
322
92
404
461
581
451
527
607
186
284
591
276
220
277
80
263
1289
1288
1239
1241
1245
1259
1276
1233
1214
1229
1238
1272
1267
1224
1248
1295
1296
1256
1343
1308
1287
1269
1759
2028
1938
1315
1137
1121
1295
1793
1429
1987
2414
2439
1817
1544
1805
1848
1604
1379
1799
1745
1660
1779
1549
605
1443
1459
1072
1293
600
368
260
105
164
188
265
234
123
166
66
187
282
105
87
218
48
47
33
86
308
314
418
156
136
32
79
151
496
305
139
280
355
373
258
242
342
365
488
680
612
634
356
369
555
408
220
330
71
282
793
746
747
746
720
731
748
709
708
684
695
754
748
701
706
745
752
703
794
744
754
747
989
1205
1170
747
704
694
700
1063
805
1178
1473
1477
1016
826
1008
1060
916
730
987
953
918
978
868
367
908
915
675
846
391
216
162
125
156
97
174
133
77
151
47
123
186
86
70
143
48
41
74
151
189
195
313
101
75
88
49
106
350
386
148
197
427
427
185
96
427
478
610
452
395
461
188
219
598
282
204
255
71
256
1401
1350
1308
1314
1319
1357
1361
1291
1245
1262
1296
1367
1363
1271
1291
1381
1386
1336
1445
1395
1353
1344
1827
2255
2130
1361
1139
1116
1276
1885
1453
2068
2648
2701
1814
1502
1821
1839
1603
1270
1867
1702
1634
1783
1509
568
1566
1620
1147
1437
624
345
251
204
266
172
256
247
220
254
131
185
300
214
232
223
167
142
83
192
306
314
385
160
141
29
86
163
474
653
126
284
358
370
290
244
337
352
824
629
536
561
382
334
482
379
233
365
77
282
745
696
685
725
685
689
714
659
658
618
634
719
709
643
670
696
695
630
754
678
720
697
855
1150
1098
637
604
578
582
901
655
1016
1397
1408
846
672
851
921
761
604
857
764
806
804
714
296
882
879
610
812
378
182
140
119
149
80
161
130
133
126
82
110
184
128
152
146
138
95
69
133
169
176
406
98
77
74
51
107
275
331
120
301
406
404
301
81
353
408
486
374
457
510
186
247
490
229
212
264
77
241
1221
1217
1171
1174
1179
1194
1207
1161
1146
1160
1167
1202
1197
1156
1177
1225
1228
1191
1275
1241
1219
1199
1655
1919
1831
1221
1040
1024
1196
1687
1331
1881
2301
2327
1707
1438
1701
1737
1499
1274
1693
1642
1549
1678
1443
542
1365
1381
995
1214
580
359
253
104
163
188
260
231
122
164
65
183
279
104
84
210
42
46
31
83
303
311
369
150
132
32
79
150
444
298
126
267
350
356
252
231
318
345
421
602
553
557
355
352
477
359
213
320
68
262
730
685
684
683
658
669
684
646
646
621
637
691
687
639
642
684
691
642
731
681
693
682
885
1099
1064
662
617
608
616
961
719
1076
1367
1373
922
729
903
957
821
643
886
854
821
882
766
313
833
841
602
773
374
207
155
124
154
96
168
130
76
147
47
119
184
85
67
135
42
40
70
137
182
192
263
95
70
85
49
105
297
361
137
184
403
402
179
85
378
428
523
379
338
385
187
202
506
238
197
245
68
236
1282
1223
1182
1199
1203
1238
1245
1172
1129
1144
1175
1247
1239
1149
1176
1257
1258
1217
1319
1267
1230
1222
1578
1983
1859
1142
938
913
1085
1646
1226
1811
2375
2434
1568
1285
1585
1599
1383
1068
1620
1464
1407
1536
1283
500
1399
1448
997
1271
610
343
245
203
263
173
258
242
218
250
131
181
295
213
223
218
165
143
84
192
299
310
339
158
139
30
83
161
394
612
127
280
351
358
285
240
312
334
679
522
489
473
384
326
384
337
229
358
74
272
658
607
603
641
603
603
629
580
580
540
556
632
621
564
588
614
613
555
667
596
630
610
662
926
875
473
443
432
433
712
491
809
1172
1182
661
509
662
727
593
455
656
575
640
618
544
259
769
758
515
691
363
180
135
116
146
81
160
127
130
124
82
106
180
126
145
141
136
96
70
132
163
170
324
96
75
71
49
107
205
294
113
277
384
375
282
77
302
351
361
283
375
378
189
221
364
207
208
257
74
231
1125
1114
1076
1084
1084
1096
1113
1070
1054
1066
1074
1103
1104
1061
1084
1130
1128
1099
1175
1139
1115
1105
1483
1755
1665
1061
884
867
1053
1526
1163
1721
2133
2157
1537
1279
1540
1571
1335
1111
1533
1478
1384
1518
1279
473
1233
1248
883
1087
566
352
247
104
162
189
255
229
123
166
67
179
275
104
85
205
43
46
31
83
293
308
333
149
130
32
78
149
377
286
127
260
344
348
250
229
289
327
351
511
501
476
355
345
402
320
207
312
65
248
656
603
609
611
585
591
611
576
576
552
566
620
609
569
569
610
617
568
659
605
615
612
741
939
903
522
485
479
489
812
581
923
1198
1206
763
581
761
805
681
511
746
701
676
733
622
272
741
744
516
676
359
202
148
120
153
97
162
127
77
144
48
115
179
85
69
129
43
40
70
135
176
187
227
94
68
83
49
103
227
334
131
177
389
381
176
81
334
377
416
290
291
303
185
192
398
212
191
236
65
222
